Tempo (0.100 seg);PV;SP;MV
2510.30;50.80;50.00;40.96
2510.40;49.60;50.00;42.16
2510.50;49.60;50.00;42.18
2510.60;50.89;50.00;40.87
2510.70;49.17;50.00;42.61
2510.80;49.28;50.00;42.50
2510.90;49.92;50.00;41.86
2511.00;50.12;50.00;41.66
2511.10;50.01;50.00;41.77
2511.20;50.56;50.00;41.21
2511.30;49.57;50.00;42.20
2511.40;50.71;50.00;41.06
2511.50;50.09;50.00;41.67
2511.60;50.22;50.00;41.55
2511.70;50.34;50.00;41.42
2511.80;50.11;50.00;41.65
2511.90;50.67;50.00;41.09
2512.00;49.78;50.00;41.98
2512.10;49.98;50.00;41.78
2512.20;49.81;50.00;41.95
2512.30;50.35;50.00;41.41
2512.40;49.74;50.00;42.02
2512.50;50.42;50.00;41.33
2512.60;50.32;50.00;41.43
2512.70;49.68;50.00;42.07
2512.80;50.37;50.00;41.38
2512.90;49.67;50.00;42.08
2513.00;50.83;50.00;40.91
2513.10;49.27;50.00;42.48
2513.20;49.12;50.00;42.64
2513.30;49.17;50.00;42.60
2513.40;49.37;50.00;42.41
2513.50;49.50;50.00;42.28
2513.60;50.63;50.00;41.15
2513.70;50.91;50.00;40.85
2513.80;49.68;50.00;42.09
2513.90;49.96;50.00;41.81
2514.00;49.45;50.00;42.33
2514.10;50.15;50.00;41.63
2514.20;50.74;50.00;41.03
2514.30;50.43;50.00;41.33
2514.40;49.27;50.00;42.50
2514.50;49.62;50.00;42.15
2514.60;50.74;50.00;41.03
2514.70;49.45;50.00;42.32
2514.80;50.84;50.00;40.92
2514.90;49.61;50.00;42.15
2515.00;49.95;50.00;41.82
2515.10;50.72;50.00;41.04
2515.20;50.57;50.00;41.18
2515.30;49.49;50.00;42.27
2515.40;50.04;50.00;41.72
2515.50;50.91;50.00;40.83
2515.60;49.69;50.00;42.06
2515.70;50.92;50.00;40.83
2515.80;50.03;50.00;41.71
2515.90;49.19;50.00;42.56
2516.00;50.00;50.00;41.75
2516.10;50.66;50.00;41.08
2516.20;50.94;50.00;40.79
2516.30;50.35;50.00;41.38
2516.40;50.34;50.00;41.39
2516.50;51.06;50.00;40.66
2516.60;50.99;50.00;40.72
2516.70;49.60;50.00;42.11
2516.80;49.59;50.00;42.13
2516.90;50.07;50.00;41.64
2517.00;49.45;50.00;42.27
2517.10;50.89;50.00;40.82
2517.20;50.34;50.00;41.37
2517.30;50.98;50.00;40.72
2517.40;49.13;50.00;42.58
2517.50;48.99;50.00;42.73
2517.60;49.23;50.00;42.49
2517.70;49.76;50.00;41.96
2517.80;49.53;50.00;42.20
2517.90;49.11;50.00;42.64
2518.00;49.84;50.00;41.90
2518.10;49.98;50.00;41.76
2518.20;50.51;50.00;41.23
2518.30;50.14;50.00;41.59
2518.40;50.22;50.00;41.51
2518.50;49.41;50.00;42.33
2518.60;50.67;50.00;41.07
2518.70;49.57;50.00;42.16
2518.80;49.06;50.00;42.69
2518.90;50.14;50.00;41.60
2519.00;50.26;50.00;41.48
2519.10;49.88;50.00;41.86
2519.20;50.41;50.00;41.33
2519.30;50.44;50.00;41.30
2519.40;50.86;50.00;40.87
2519.50;50.82;50.00;40.89
2519.60;49.26;50.00;42.47
2519.70;50.27;50.00;41.45
2519.80;49.64;50.00;42.09
2519.90;49.84;50.00;41.89
2520.00;50.70;50.00;41.02
2520.10;50.00;50.00;41.72
2520.20;49.94;50.00;41.79
2520.30;50.44;50.00;41.28
2520.40;49.72;50.00;42.00
2520.50;50.91;50.00;40.80
2520.60;50.58;50.00;41.12
2520.70;50.92;50.00;40.78
2520.80;50.44;50.00;41.25
2520.90;50.47;50.00;41.21
2521.00;49.09;50.00;42.60
2521.10;49.32;50.00;42.39
2521.20;50.91;50.00;40.79
2521.30;49.22;50.00;42.48
2521.40;49.73;50.00;41.98
2521.50;50.68;50.00;41.02
2521.60;50.38;50.00;41.31
2521.70;49.66;50.00;42.03
2521.80;49.80;50.00;41.90
2521.90;50.59;50.00;41.10
2522.00;49.25;50.00;42.46
2522.10;50.37;50.00;41.33
2522.20;49.54;50.00;42.16
2522.30;50.63;50.00;41.07
2522.40;49.88;50.00;41.81
2522.50;49.93;50.00;41.77
2522.60;49.08;50.00;42.63
2522.70;50.07;50.00;41.63
2522.80;50.79;50.00;40.91
2522.90;49.32;50.00;42.38
2523.00;50.64;50.00;41.05
2523.10;49.73;50.00;41.97
2523.20;49.80;50.00;41.90
2523.30;50.24;50.00;41.46
2523.40;49.83;50.00;41.87
2523.50;49.86;50.00;41.84
2523.60;50.44;50.00;41.26
2523.70;49.58;50.00;42.12
2523.80;50.01;50.00;41.70
2523.90;50.25;50.00;41.45
2524.00;49.36;50.00;42.35
2524.10;50.12;50.00;41.59
2524.20;49.83;50.00;41.88
2524.30;50.36;50.00;41.34
2524.40;50.96;50.00;40.74
2524.50;49.18;50.00;42.53
2524.60;49.92;50.00;41.78
2524.70;49.70;50.00;42.00
2524.80;49.08;50.00;42.63
2524.90;49.58;50.00;42.14
2525.00;50.63;50.00;41.08
2525.10;50.20;50.00;41.51
2525.20;49.86;50.00;41.86
2525.30;50.57;50.00;41.14
2525.40;49.56;50.00;42.15
2525.50;49.81;50.00;41.91
2525.60;49.53;50.00;42.18
2525.70;49.79;50.00;41.93
2525.80;49.54;50.00;42.18
2525.90;49.26;50.00;42.48
2526.00;50.73;50.00;41.00
2526.10;50.53;50.00;41.19
2526.20;51.06;50.00;40.65
2526.30;49.83;50.00;41.89
2526.40;51.07;50.00;40.63
2526.50;49.65;50.00;42.05
2526.60;49.82;50.00;41.89
2526.70;50.88;50.00;40.81
2526.80;50.58;50.00;41.11
2526.90;50.10;50.00;41.59
2527.00;50.02;50.00;41.67
2527.10;50.28;50.00;41.40
2527.20;49.17;50.00;42.52
2527.30;49.47;50.00;42.23
2527.40;49.13;50.00;42.58
2527.50;50.40;50.00;41.30
2527.60;50.71;50.00;40.99
2527.70;50.85;50.00;40.84
2527.80;50.08;50.00;41.60
2527.90;50.64;50.00;41.04
2528.00;49.35;50.00;42.33
2528.10;50.22;50.00;41.47
2528.20;49.11;50.00;42.58
2528.30;50.64;50.00;41.05
2528.40;50.83;50.00;40.85
2528.50;50.75;50.00;40.92
2528.60;49.27;50.00;42.41
2528.70;50.53;50.00;41.14
2528.80;50.95;50.00;40.71
2528.90;49.79;50.00;41.88
2529.00;50.97;50.00;40.69
2529.10;49.43;50.00;42.24
2529.20;49.83;50.00;41.83
2529.30;49.71;50.00;41.96
2529.40;49.33;50.00;42.34
2529.50;49.79;50.00;41.89
2529.60;49.21;50.00;42.47
2529.70;49.72;50.00;41.96
2529.80;48.92;50.00;42.78
2529.90;50.23;50.00;41.46
2530.00;49.04;50.00;42.66
2530.10;50.29;50.00;41.41
2530.20;49.78;50.00;41.93
2530.30;48.99;50.00;42.73
2530.40;50.05;50.00;41.66
2530.50;50.60;50.00;41.11
2530.60;49.56;50.00;42.15
2530.70;50.40;50.00;41.31
2530.80;50.45;50.00;41.25
2530.90;49.15;50.00;42.56
2531.00;49.83;50.00;41.88
2531.10;50.69;50.00;41.02
2531.20;50.84;50.00;40.86
2531.30;49.64;50.00;42.06
2531.40;50.52;50.00;41.18
2531.50;50.78;50.00;40.91
2531.60;49.69;50.00;42.01
2531.70;49.90;50.00;41.79
2531.80;50.89;50.00;40.79
2531.90;49.45;50.00;42.24
2532.00;49.25;50.00;42.45
2532.10;49.20;50.00;42.50
2532.20;50.04;50.00;41.67
2532.30;49.60;50.00;42.11
2532.40;50.24;50.00;41.47
2532.50;49.59;50.00;42.12
2532.60;49.22;50.00;42.50
2532.70;50.70;50.00;41.01
2532.80;50.91;50.00;40.80
2532.90;50.33;50.00;41.37
2533.00;50.73;50.00;40.96
2533.10;49.72;50.00;41.97
2533.20;50.73;50.00;40.96
2533.30;50.44;50.00;41.24
2533.40;51.08;50.00;40.59
2533.50;49.68;50.00;42.00
2533.60;50.52;50.00;41.15
2533.70;49.26;50.00;42.42
2533.80;50.87;50.00;40.80
2533.90;49.64;50.00;42.03
2534.00;49.16;50.00;42.52
2534.10;50.81;50.00;40.86
2534.20;49.46;50.00;42.22
2534.30;50.39;50.00;41.29
2534.40;49.06;50.00;42.62
2534.50;49.74;50.00;41.95
2534.60;50.09;50.00;41.59
2534.70;49.57;50.00;42.12
2534.80;50.08;50.00;41.61
2534.90;50.71;50.00;40.98
2535.00;49.67;50.00;42.01
2535.10;50.49;50.00;41.19
2535.20;50.07;50.00;41.61
2535.30;49.58;50.00;42.11
2535.40;49.16;50.00;42.54
2535.50;50.55;50.00;41.14
2535.60;50.14;50.00;41.55
2535.70;50.12;50.00;41.56
2535.80;50.58;50.00;41.10
2535.90;49.32;50.00;42.36
2536.00;50.52;50.00;41.16
2536.10;50.47;50.00;41.20
2536.20;50.30;50.00;41.38
2536.30;49.36;50.00;42.32
2536.40;49.27;50.00;42.42
2536.50;49.12;50.00;42.58
2536.60;50.00;50.00;41.69
2536.70;50.72;50.00;40.97
2536.80;49.62;50.00;42.07
2536.90;49.28;50.00;42.41
2537.00;49.04;50.00;42.67
2537.10;49.80;50.00;41.91
2537.20;50.45;50.00;41.25
2537.30;50.20;50.00;41.50
2537.40;49.06;50.00;42.65
2537.50;49.69;50.00;42.02
2537.60;50.80;50.00;40.91
2537.70;49.97;50.00;41.73
2537.80;50.16;50.00;41.55
2537.90;49.25;50.00;42.47
2538.00;50.06;50.00;41.65
2538.10;49.96;50.00;41.76
2538.20;50.61;50.00;41.10
2538.30;50.82;50.00;40.88
2538.40;49.53;50.00;42.17
2538.50;50.48;50.00;41.22
2538.60;49.91;50.00;41.79
2538.70;50.96;50.00;40.73
2538.80;51.06;50.00;40.62
2538.90;51.11;50.00;40.56
2539.00;50.87;50.00;40.79
2539.10;50.69;50.00;40.97
2539.20;50.62;50.00;41.02
2539.30;49.76;50.00;41.89
2539.40;49.97;50.00;41.68
2539.50;49.38;50.00;42.28
2539.60;50.01;50.00;41.65
2539.70;49.44;50.00;42.22
2539.80;49.05;50.00;42.62
2539.90;50.46;50.00;41.21
2540.00;49.75;50.00;41.92
2540.10;50.84;50.00;40.82
2540.20;50.10;50.00;41.56
2540.30;48.99;50.00;42.68
2540.40;49.79;50.00;41.89
2540.50;48.98;50.00;42.71
2540.60;49.63;50.00;42.06
2540.70;50.88;50.00;40.80
2540.80;50.26;50.00;41.41
2540.90;49.18;50.00;42.50
2541.00;50.88;50.00;40.79
2541.10;49.22;50.00;42.47
2541.20;49.15;50.00;42.54
2541.30;50.25;50.00;41.44
2541.40;49.58;50.00;42.12
2541.50;50.16;50.00;41.54
2541.60;50.50;50.00;41.18
2541.70;50.93;50.00;40.74
2541.80;49.12;50.00;42.57
2541.90;49.36;50.00;42.33
2542.00;50.68;50.00;41.00
2542.10;49.51;50.00;42.18
2542.20;50.24;50.00;41.45
2542.30;49.09;50.00;42.60
2542.40;49.71;50.00;41.99
2542.50;50.86;50.00;40.83
2542.60;49.78;50.00;41.91
2542.70;49.08;50.00;42.62
2542.80;50.62;50.00;41.08
2542.90;49.29;50.00;42.42
2543.00;50.02;50.00;41.69
2543.10;50.25;50.00;41.45
2543.20;50.14;50.00;41.56
2543.30;49.45;50.00;42.25
2543.40;50.33;50.00;41.38
2543.50;49.95;50.00;41.75
2543.60;50.21;50.00;41.49
2543.70;50.94;50.00;40.75
2543.80;49.57;50.00;42.12
2543.90;50.87;50.00;40.82
2544.00;50.18;50.00;41.51
2544.10;50.46;50.00;41.22
2544.20;51.08;50.00;40.59
2544.30;49.50;50.00;42.17
2544.40;49.55;50.00;42.13
2544.50;49.66;50.00;42.02
2544.60;50.22;50.00;41.46
2544.70;50.32;50.00;41.35
2544.80;49.45;50.00;42.23
2544.90;50.61;50.00;41.07
2545.00;50.69;50.00;40.97
2545.10;49.58;50.00;42.10
2545.20;50.70;50.00;40.97
2545.30;50.87;50.00;40.79
2545.40;49.40;50.00;42.27
2545.50;50.64;50.00;41.01
2545.60;50.40;50.00;41.25
2545.70;50.18;50.00;41.47
2545.80;49.80;50.00;41.85
2545.90;48.99;50.00;42.68
2546.00;49.27;50.00;42.40
2546.10;50.74;50.00;40.93
2546.20;50.13;50.00;41.53
2546.30;50.86;50.00;40.79
2546.40;49.52;50.00;42.14
2546.50;49.22;50.00;42.44
2546.60;50.10;50.00;41.56
2546.70;49.59;50.00;42.08
2546.80;49.52;50.00;42.16
2546.90;50.35;50.00;41.32
2547.00;50.25;50.00;41.42
2547.10;49.36;50.00;42.32
2547.20;50.79;50.00;40.88
2547.30;50.03;50.00;41.64
2547.40;49.90;50.00;41.76
2547.50;50.82;50.00;40.84
2547.60;49.92;50.00;41.74
2547.70;50.22;50.00;41.44
2547.80;49.80;50.00;41.86
2547.90;50.17;50.00;41.49
2548.00;50.93;50.00;40.72
2548.10;49.34;50.00;42.32
2548.20;49.31;50.00;42.35
2548.30;49.91;50.00;41.75
2548.40;50.31;50.00;41.35
2548.50;50.41;50.00;41.24
2548.60;50.32;50.00;41.33
2548.70;49.30;50.00;42.36
2548.80;50.76;50.00;40.89
2548.90;50.75;50.00;40.90
2549.00;49.71;50.00;41.94
2549.10;50.35;50.00;41.29
2549.20;49.44;50.00;42.21
2549.30;49.25;50.00;42.41
2549.40;50.42;50.00;41.23
2549.50;49.3